`130.txt
#AIM 1
#TEXTUAL 36
#OWN 22 66 67 68 69 70 71 72 73 74 75 76 77 78 79 80 81 82 83 84
#BACKGROUND 5 6 7
#CONTRAST 8 16 17 21 24 31 35 93 103 104 105 110 111
#BASIS 9 10 11 12 29 30 34 38 39 40 41 42 43 44 45 46 47 48 49 50 51 52 53 54 55 56 57 58 59 60 61 62 63 64 90 91 92 97 98 99 100 101 102 118 119 120 121 122 123 157 158 159
#OTHER 18 19 20 23 25 26 27 28 32 33 86 87 88 94 95 96 158 159 160
`159.txt
#AIM 1 22 27
#TEXTUAL 23
#OWN 6 7 8 9 10 11 12 13 14 28 29 30 31 32 33 35 36 37 42 43 44 45 46 47 48 49 50 51 52 55 56 57 58 59 60 61 62 63 64 65 66 67 68 69 71 72 73 74 75 76 77 79 80 81 82 83 84 86 87 89 90 91 92 93 97 98 99 100 101
#BACKGROUND 16 17 18 19 20
#CONTRAST 21 95 96
#BASIS  4 5 25 26 53 54 88 94
#OTHER 37 38 39 40 41
`215.txt
#AIM 1 38 54
#TEXTUAL 4 16 17
#OWN 5 6 8 9 18 22 23 26 27 28 30 31 32 39 40 42 43 44 45 46 49 50 51 52 53 55 56 57 58 59 60 61 62 63 64 65 69 72 73 74 75 76 77 78 79 80
#BACKGROUND 3 25 48
#CONTRAST 14 71
#BASIS 7 15 19 20 21 29 36 37 41 67 68 70
#OTHER 11 12 13 33 34 35
`40.txt
#AIM 1 3 27 101
#TEXTUAL 25 48
#OWN 4 5 6 7 8 9 24 28 29 30 31 32 33 47 50 51 52 53 54 55 56 57 58 59 60 61 65 67 68 69 70 71 72 73 74 75 76 77 78 79 80 81 82 83 84 85 86 88 89 90 91 92 94 95 96 97 98 99 102 103 104 105 106 107 108 109 111 112
#BACKGROUND 23 46 66 110
#CONTRAST 19 20 21 22 42 43 44 45
#BASIS 11 34 62 63
#OTHER 12 13 14 15 16 17 18 35 36 37 38 39 40 41
`184.txt
#AIM 1 2 26 89
#TEXTUAL 
#OWN 3 4 6 7 8 9 10 27 30 32 33 34 35 37 38 39 40 41 42 43 44 45 46 47 48 49 50 51 52 53 54 55 56 57 58 61 62 63 65 66 67 68 69 70 71 72 73 74 75 76 77 78 80 84 85 87 88 89 90 91 93 94 95 96 97 98 99 100 101 102 103 104 105 106 107
#BACKGROUND 12 13 60
#CONTRAST 25 82 83
#BASIS 5 31 81 86 92 93
#OTHER 15 16 17 18 19 20 21 22 23 24
`234.txt
#AIM 1 5
#TEXTUAL 25 26
#OWN 6 7 8 9 28 29 30 31 32 33 34 35 36 37 38 39 40 41 42 43 44 45 46 47 48 49 50 51 52 53 54 55 56 57 58 59 60 61 62 63 64 65 66 67 68 87 88 89 90 91 92 93 94 95 96 97 98 99 100 101 102 103 104 105 106 107 108 109 110 111 112 113
#BACKGROUND 3 4 11 12 13 14 15 16 17 18 19 20 21 22 23 24
#CONTRAST 81
#BASIS 83 84 85 86
#OTHER 70 71 72 73 74 75 76 77 78 79 80
`10.txt
#AIM 1
#TEXTUAL 
#OWN 5 6 7 8 9 16 17 18 19 20 21 22 23 24 25 26 27 28 29 30 31 32 34 35 36 37 38 39 40 41 42 43 44 45 46 47 48 49 50 51 52 53 54 55 56 57 58 59 60 61 62 63 64 65 66 67 68 69 70 71 72 73 74 75 76 77 78 79 80 81 82 83 84 85 86 87 88 89 90 91 92 93 94 95 96 97 98 99 101 102 103 104 105 106 107 108 109 110 111 112 113 114 115 116 117 118 119 120 121 122 123 124 125 126 127 128 129 130 132 133 134 135 136 137 138 139 140 141 142 143
#BACKGROUND 3 4 12 100
#CONTRAST 
#BASIS 10 33 131
#OTHER 13 14 15
`31.txt
#AIM 1 4 31 
#TEXTUAL 32
#OWN 5 6 7 8 33 34 35 36 37 38 39 40 41 42 43 44 45 46 47 48 49 50 51 52 53 54 55 56 57 58 59 60 61 64 65 66 67 68 69 70 71 73 74 75 76 77 78 79 80 81 82 83 84 85 86 87 88 89 90 91 92 93 94 95 96 97 98 99 100 101 102 104 105 106 107 108 109 110 111 112 113 115 116 117 118 119 120 121 122 123 124 130 131 132 133 134 135 137 138 139 140 141 142 143 144 145 147 148 149 150 151 152 153 154 155 156 157 158 159 160
#BACKGROUND 3 10 12 13 14 15 16 17 18 62 103 114
#CONTRAST 128 129 136 
#BASIS 20 21 22 23 24 25 26 27 28 29 30 72 125 126 127 146
#OTHER 9 19
`167.txt
#AIM 1 6
#TEXTUAL 
#OWN 7 8 9 10 26 27 28 29 30 31 32 33 34 35 36 37 38 39 40 41 42 43 44 45 46 47 48 49 50 51 52 53 54 55 56 57 58 59 60 61 62 63 64 65 66 67 68 69 70 71 72 73 74 75 76 77 78 79 80 81 82 83 84 85 86 87 88 89 90 91 92 93 94 95 100 102 103 104 105 110 111 112 113 114 117 118 119 120 121 122 123 124 125 126 127 128 129
#BACKGROUND 3 4 5 12 13 18 21 22 23 24 98 99 101
#CONTRAST 116
#BASIS 19 20 25 96 106 107 108 109 115
#OTHER 14 15 16 17
`73.txt
#AIM 1
#TEXTUAL 
#OWN 7 8 9 10 22 23 24 25 26 27 28 29 30 31 32 33 34 35 36 37 38 39 40 41 42 43 44 45 46 47 48 49 50 51 52 53 54 55 56 57 58 59 60 61 62 63 64 65 66 67 68 69 70 71 72 73 74 75 76 77 78 79 80 81 82 83 84 85 86 87 88 89 90 91 92 93 94 95 96 97 98 99 100 101 102 103 104 105 108 110 111 112 113 114 115 116 117 119
#BACKGROUND 3 4 5 6 12 13
#CONTRAST 17 18 19 106 107
#BASIS 118 
#OTHER 14 15 16 20 21 109
