`141.txt
#AIM 1
#TEXTUAL 84 88 96
#OWN 14 25 28 30 35 39 43 47 50 53 59 70 72 74 77 79 82 86 91 94 99 113 118 120 139 141 143 154 156 158 171 173 175
#BACKGROUND 3 5 11 18 22 63 67 132 136 147 151 164 168
#CONTRAST 9 12 20 23 65 103 111 134 149 166
#BASIS 56 108
#OTHER 106 116 128
`8.txt
#AIM 1 9 49 133
#TEXTUAL
#OWN 7 11 21 25 29 31 41 35 37 47 51 59 61 63 65 67 69 71 131 135 143 145 147 149 151 153 155
#BACKGROUND 5 19 45 57 129 141
#CONTRAST
#BASIS 17 55 139
#OTHER 13 53 73 75 77 79 81 85 87 89 91 93 95 99 101 137 157 159 161 163 165 169 171
`235.txt
#AIM 1
#TEXTUAL 13 21 112
#OWN 36 42 82 84 86 90 94 96 126 130 166 168 170 174 176 178
#BACKGROUND 9 19 24 26 59 110 114 116 146
#CONTRAST 5 17 28 39 44 46 50 52 65 69 108 118 128 132 134 138 140 152 156
#BASIS 55 67 78 142 154 164
#OTHER 30 32 34 48 61 63 72 100 104 120 122 124 136 148 150 158 180 182
`230.txt
#AIM 1 5 17 52 123
#TEXTUAL
#OWN 13 23 25 27 29 31 33 35 38 40 42 44 58 60 62 64 66 68 70 72 74 76 78 109 111 129 131 133 135 137 139 141 143 145 147 149 175 177
#BACKGROUND 95 163
#CONTRAST 85 87 99 155 157 167
#BASIS 9 11 19 21 54 56 82 90 92 101 105 125 127 153 159 161 169 173
#OTHER 48 80 151
`178.txt
#AIM 1
#TEXTUAL 136
#OWN 5 9 17 19 22 35 39 41 45 49 53 65 69 71 75 79 83 86 90 98 100 102 105 107 110 117 126 128 131 133 138 141 144 146 150 152 154 156 160 162 178 186 188 190
#BACKGROUND 11 15 27 31 57 61 92 96 114 180 184
#CONTRAST 158
#BASIS 13 94 182
#OTHER 166 170 174
`185.txt
#AIM 1 15 27 127 165 193
#TEXTUAL 132 134 136 138
#OWN 13 25 36 40 52 56 65 69 73 77 81 85 88 90 95 99 103 107 111 115 125 130 141 145 147 149 151 153 163 191
#BACKGROUND 9 21 32 44 48 60 121 159 187
#CONTRAST 5 11 19 23 119 123 157 161 185 189
#BASIS
#OTHER 167 179
`209.txt
#AIM 1
#TEXTUAL
#OWN 5 17 26 29 34 36 38 42 46 49 51 55 63 65 69 71 73 76 78 80 83 85 87 90 92 94 97 103 105 107 109 111 115 119 127 129 133 135 137 141 149 151 155 157 159 175 183 185 189 191 193
#BACKGROUND 31 67 131 153 187
#CONTRAST 9 11 19 21 57 59 121 123 143 145 177 179
#BASIS 13 23 61 113 125 147 181
#OTHER 161 163 169
`55.txt
#AIM 1
#TEXTUAL
#OWN 5 13 15 17 19 25 31 35 37 39 41 47 59 63 67 71 77 79 81 83 87 91 95 97 99 101 105 117 121 123 139 145 147 149 151 155 159 163 165 167 169 173 185 189 191
#BACKGROUND 9 73 141
#CONTRAST 45 49 103 107 171 175
#BASIS 11 51 53 55 57 61 75 109 111 113 115 119 143 177 179 181 183 187
#OTHER 23 27 85 89 125 133 153 157 193
`176.txt
#AIM 1 5 25 142
#TEXTUAL
#OWN 7 9 11 27 29 31 49 51 53 56 58 62 64 66 68 70 72 74 80 82 84 86 144 146 148 164 166 168 170 172 174 176 178 180 182 184 186 190 192 194 196
#BACKGROUND 42 78 158 188
#CONTRAST 21 39 156
#BASIS 15 17 19 33 35 37 150 152 154
#OTHER 44 46 92 130 136 160 162
`121.txt
#AIM 1 13 23 87 159
#TEXTUAL
#OWN 30 32 35 37 40 43 45 57 59 61 93 95 97 99 101 103 105 115 117 119 165 167 169 171 173 175 177 187 189 191
#BACKGROUND
#CONTRAST 5 9 11 17 19 21 71 73 81 83 85 127 129 153 155 157 199 201
#BASIS 51 67 69 75 77 109 123 125 131 133 181 195 197 203 205
#OTHER 26 28 47 53 63 89 91 107 111 121 135 147 161 163 179 183 193 207