.127.txt
#AIM 1
#TEXTUAL 39
#OWN 15,19,21,23,25,27,30,35,37,41,43,45,49,53,57,59,61,65
#BACKGROUND 4,9
#CONTRAST 13 
#BASIS 67,71
#OTHER 11,51,55
.166.txt
#AIM 1
#TEXTUAL 
#OWN 5,15,18,21,23,27,29,31,33,35,37,39,41,43,47,51,53,55,57,59,61,66,68,71,73,77,81,86,88,92,94,96,112,116,118,124
#BACKGROUND 9,11
#CONTRAST  
#BASIS 
#OTHER 75,84,100,102,104,106,110,122
.201.txt
#AIM 1
#TEXTUAL
#OWN 19,21,23,25,27,28,30,32,34,44,51,53,56,58,66,69,72,75,78,81,84,87,90,93,96
#BACKGROUND 5,9,11
#CONTRAST 62
#BASIS 102
#OTHER 39,41,46,49,
.207.txt
#AIM 1
#TEXTUAL 
#OWN 5,7,9,11,23,29,31,36,40,42,44,48,50,56,59,62,65,67,71,73,75,77,79
#BACKGROUND 38
#CONTRAST 19 
#BASIS 15,21,85
#OTHER 17,34,52,81
.227.txt
#AIM 1
#TEXTUAL 100,104,106,108,110,113,116,119
#OWN 2,7,9,11,21,23,25,27,29,31,34,37,43,46,49,52,55,58,62,64,66,68,70,72,74,76,78,80,82,84,86,88,90,93,131
#BACKGROUND 15
#CONTRAST 
#BASIS 29,40,133
#OTHER 17,123,125,127,129
.245.txt
#AIM 1
#TEXTUAL 61,65
#OWN 7,9,11,25,29,31,34,37,39,41,44,47,51,53,57,59,63,71,73,75,77,81,83,85
#BACKGROUND 5,15,19,
#CONTRAST 
#BASIS 23,79,105
#OTHER 17,21,69,93,101
.247.txt
#AIM 1
#TEXTUAL 47,
#OWN 7,9,11,27,30,33,35,37,39,41,49,51,53,55,57,59,61,63,65,67,69,71,77,83,89,93
#BACKGROUND 5,15,
#CONTRAST 21
#BASIS 23,75,99
#OTHER 17,19,79,81,85,87,97
.37.txt
#AIM 1
#TEXTUAL 51
#OWN 7,9,11,19,23,25,27,29,31,34,37,41,45,48,53,55,57,69,73,81,85
#BACKGROUND 5
#CONTRAST 67
#BASIS 15,88
#OTHER 17,77,63,65
.68.txt
#AIM 1
#TEXTUAL 
#OWN 19,23,27,30,32,38,40,43,47,49,51,53,56,60,64,70,
#BACKGROUND 5
#CONTRAST 
#BASIS 11,36,68,80
#OTHER 9,13,15,17,72,74,76,78
.76.txt
#AIM 1
#TEXTUAL 
#OWN 19,25,29,31,39,41,43,45,49,55,58,61,63,69,75
#BACKGROUND 5,9,11,
#CONTRAST 15,
#BASIS 66
#OTHER 13,35,37,71

